$ANSIBLE_VAULT;1.1;AES256
33316136633633396164303763376631636231393235643936316536633562386637353739643133
3738626133646335636337396164306237613961313832630a633330303932373463383039303239
62316435343339346139613633366236643430633232663065396536316639313164663735343866
3061346233373337330a643831393332353734663533623965393832626237353532623063643366
37323637393930653763326464343637316637373431306565613037613037633232303139613635
32313363386331336137386532353861646332336232613965653434313766336236363262646637
63666561643435656264303531386162653632393966396264633639323066333230313166396364
62393832346263393030393730363762386661663233353236633335323034323730666433303935
30316266373365393663613039306562313033313065386635356638326566353665386432636135
37336138653966373333626163653133373663303566623333653131396538636530383163383934
33643462376234613536663535373632336462363933316161663333346234623234646565376235
65353032356361623037383338383536316530366436363033326531613863636162626333363265
30646232653662623663633530613632633765613337653136613139636663336235326661383164
36333162663834613234653237323038306330653935626530306663333763366432363633393032
37363436353630613939316162336539316365666661313834373438396261326230336533613637
34366438333466356133396466336636383235346437623931313632336232363532376534303430
65343330666635653662633230656639323063313865663866343231373136323933346434656332
61393939353634646435323337663135663666336466616564643132613332623634376365616532
61383263393463613239653664353666373462376336616431626635363038626231366630393564
38313430343331393861303037316236333434636366376362643763366134663262373065323265
32396533373236313766363133386332383061383063326662353833336333346534643466626464
6534663765366135373835613363303838306562616532323936
