$ANSIBLE_VAULT;1.1;AES256
36353335393130663663633561343538366135323163373934343666363936643734666438643865
6237646134643161323065623961343861376538396633610a353230373535313162353464336332
35323438333232363766636164616434623563646332636433303730656264616238363465343333
6335363838333739350a373939653934343331636666373238656133613538323163316266666564
39653436373433333965383866353231396563626465663236613861306638636234626131643431
38333634386339356333383535613038633031313038353962663565363139663566633935646539
35346362633836313764663538346536326536366362626266636633353435333336663339323236
34343939636237653462656238323031376636386366326338633362346661346331643338666130
36646364633064303931653264343464616433333362363933303165636136663966343935363235
31313734633330366530373331613561316132613235356365363861633865653837303430336163
30363838343033613437306436643161376266303965663836366534613931393863663033613232
63326662366634323338616663336235323232333534303533353562653231323566343161643832
31613765366236653331313966643738333436393965353366333761333030353438636366343138
33393261316331356531653638666230396465646339353865303762656361356236633862393539
64653830316239363631336631356135373465616261386463306438613665346363643233643933
64356231373138303434373837313031653664373639326661663562376539393132373533356233
36663430663436646131616631613161616631313966653533326631613135663639626662303535
66643036376136353933353138663965646237343735326635303433383331613437323665383564
35366137383732616631326532373565363937663939656235323661343566373939333838333064
35646332386139396161366564336361633961373531656466353735333663326238333038633834
32373966326332623131633733333135663038636363353533636536626463323264653463393138
66323964386639343164646162346631396233666534373261343134396631363233396537636330
39343561313236336337666434383239363130633433313439396666343439323365376533333362
31393137353332363836623861306632373063356233346664313836303161326666636366313638
38646635643338383764663035366430656434343563356266666133333339393064
